1023
1024
1025 
1027 
1028 
1029 
1032 
1034 
1077 
1078 
1079 
1080 
1081 
1084 
1085 
1086 
1090 
1132 
1138 
1139 
1159 
1160 
1195 
1197 
1198 
1202 
1203 
1204 
1213 
1214 
1215 
1216 
1218 
1227 
1228 
1229 
1232 
1234 
1238 
1239 
1242 
1243 
1244 
1245 
1246 
1247 
1249 
1251 
1252 
1253 
1259 
1260 
1261 
1262 
1263 
1264 
1266 
1267 
1268 
1275 
1276 
1285 
1287 
1288 
1289 
1290 
1296 
1303 
1304 
1305 
1306 
1308 
1309 
1310 
1311 
1312 
1313 
1314 
1337 
1340 
1342 
1343 
1439 
1440 
1441 
1442 
1443 
1444 
1445 
1446 
1447 
1449 
1450 
1452 
1453 
1456 
1457 
1458 
1459 
1460 
1461 
1462 
1463 
1464 
1467 
1468 
1469 
1470 
1471 
1472 
1474 
1475 
1476 
1477 
1478 
1479 
1480 
1570 
1571 
1572 
1573 
1574 
1575 
1576 
1577 
1578 
1579 
1580 
1581 
1582 
1584 
1585 
1586 
1587 
1588 
1589 
1590 
1591 
1592 
1593 
1594 
1598 
1602 
1603 
1604 
1605 
1606 
1607 
1608 
1609 
1611 
1612 
1613 
1614 
1615 
1616 
1618 
1619 
1620 
1621 
1622 
1623 
1637 
1639 
1640 
1641 
1643 
1644 
1698 
1699 
1701 
1702 
1703 
1704 
1705 
1706 
1707 
1710 
1712 
1716 
1717 
1718 
1719 
1721 
1723 
1725 
1726 
1728 
1729 
1750 
1751 
1752 
1753 
1754 
1755 
1757 
1758 
1759 
2002 
2003 
2004 
2005 
2006 
2010 
2011 
2018 
2019 
2020 
2021 
2023 
2024 
2025 
2026 
2027 
2028 
2029 
2030 
2031 
2032 
2034 
2035 
2037 
2038 
2039 
2040 
2044 
2045 
2046 
2047 
2048 
2049 
2051 
2053 
2054 
2055 
2056 
2057 
2078 
2079 
2080 
2082 
2083 
2084 
2086 
2087 
2088 
2089 
2090 
2091 
2092 
2093 
2094 
2096 
2097 
2139 
2140 
2142 
2157 
2158 
2159 
2160 
2161 
2162 
2164 
2165 
2171 
2221 
2222 
2225 
2226 
2227 
2228 
2229 
2230 
2231 
2232 
2233 
2234 
2235 
2236 
2255 
2256 
2269 
2270 
2271 
2272 
2273 
2274 
2276 
2277 
2279 
2280 
2281 
2282 
2283 
2284 
2287 
2288 
2290 
2291 
2292 
2293 
2294 
2295 
2297 
2298 
2299 
2300 
2301 
2302 
2303 
2305 
2306 
2307 
2308 
2309 
2310 
2311 
2312 
2315 
2317 
2326 
2327 
2329 
2331 
2342 
2360 
2361 
2362 
2363 
2364 
2366 
2367 
2369 
2370 
2372 
2373 
2375 
2376 
2377 
2378 
2379 
2380 
2381 
2382 
2383 
2384 
2386 
2387 
2388 
2389 
2390 
2391 
2394 
2448 
2449 
2454